,accuracy,0,1,2,3,4,5,6,7,8,9
a1,0.5,1.0,,,,,,,,,
b1,0.5,1.0,,,,,,,,,
c1,0.35714285714285715,1.0,,,,,,,,,
d1,0.42857142857142855,1.0,,,,,,,,,
e1,0.35714285714285715,1.0,,,,,,,,,
f1,0.6428571428571429,1.0,,,,,,,,,
g1,0.5714285714285714,1.0,,,,,,,,,
h1,0.5,1.0,,,,,,,,,
i1,0.2857142857142857,1.0,,,,,,,,,
j1,0.5714285714285714,1.0,,,,,,,,,
k1,0.5714285714285714,1.0,,,,,,,,,
l1,0.35714285714285715,1.0,,,,,,,,,
m1,0.5714285714285714,1.0,,,,,,,,,
n1,0.2857142857142857,1.0,,,,,,,,,
o1,0.5714285714285714,1.0,,,,,,,,,
p1,0.5,1.0,,,,,,,,,
q1,0.6428571428571429,1.0,,,,,,,,,
r1,0.5,1.0,,,,,,,,,
s1,0.35714285714285715,1.0,,,,,,,,,
t1,0.6428571428571429,1.0,,,,,,,,,
u1,0.35714285714285715,1.0,,,,,,,,,
v1,0.2857142857142857,1.0,,,,,,,,,
w1,0.42857142857142855,1.0,,,,,,,,,
x1,0.42857142857142855,1.0,,,,,,,,,
y1,0.5,1.0,,,,,,,,,
z1,0.5714285714285714,1.0,,,,,,,,,
a2,0.14285714285714285,0.7337068160597572,0.26629318394024276,,,,,,,,
b2,0.35714285714285715,0.43607793994790905,0.563922060052091,,,,,,,,
c2,0.5714285714285714,0.49447525062656633,0.5055247493734337,,,,,,,,
d2,0.42857142857142855,0.39741421043942055,0.6025857895605795,,,,,,,,
e2,0.42857142857142855,0.4241319444444444,0.5758680555555555,,,,,,,,
f2,0.35714285714285715,0.4479824561403509,0.552017543859649,,,,,,,,
g2,0.5714285714285714,0.30368310202869025,0.6963168979713097,,,,,,,,
h2,0.35714285714285715,0.37908231474407933,0.6209176852559206,,,,,,,,
i2,0.21428571428571427,0.6873949579831933,0.3126050420168066,,,,,,,,
j2,0.35714285714285715,0.40841269841269834,0.5915873015873017,,,,,,,,
k2,0.5,0.41287202380952376,0.5871279761904762,,,,,,,,
l2,0.42857142857142855,0.5522222222222223,0.44777777777777766,,,,,,,,
m2,0.42857142857142855,0.6309523809523809,0.369047619047619,,,,,,,,
n2,0.42857142857142855,0.4509044312169312,0.5490955687830689,,,,,,,,
o2,0.42857142857142855,0.34599023600668327,0.6540097639933167,,,,,,,,
p2,0.5,0.3742660525748762,0.6257339474251239,,,,,,,,
q2,0.5,0.38817193544084305,0.611828064559157,,,,,,,,
r2,0.42857142857142855,0.610473844710298,0.3895261552897019,,,,,,,,
s2,0.7142857142857143,0.5597222222222222,0.4402777777777778,,,,,,,,
t2,0.5714285714285714,0.493717486994798,0.506282513005202,,,,,,,,
u2,0.2857142857142857,0.6874903807676918,0.3125096192323082,,,,,,,,
v2,0.42857142857142855,0.37250063661828375,0.6274993633817162,,,,,,,,
w2,0.5,0.4265677478720956,0.5734322521279045,,,,,,,,
x2,0.5714285714285714,0.3679529282977557,0.6320470717022443,,,,,,,,
y2,0.35714285714285715,0.5592156862745098,0.4407843137254901,,,,,,,,
z2,0.5,0.49929971988795524,0.5007002801120448,,,,,,,,
a3,0.5714285714285714,0.36,0.2550427350427352,0.38495726495726484,,,,,,,
b3,0.35714285714285715,0.3397917871602083,0.2440926541902963,0.41611555864949534,,,,,,,
c3,0.6428571428571429,0.24479166666666663,0.4730654761904763,0.28214285714285714,,,,,,,
d3,0.42857142857142855,0.3382336182336182,0.4039886039886041,0.2577777777777777,,,,,,,
e3,0.5714285714285714,0.1808035714285714,0.576407967032967,0.24278846153846165,,,,,,,
f3,0.42857142857142855,0.12053571428571433,0.47991071428571425,0.39955357142857145,,,,,,,
g3,0.5714285714285714,0.39791666666666664,0.3814484126984127,0.22063492063492063,,,,,,,
h3,0.5,0.2607191915227628,0.46121958398744123,0.278061224489796,,,,,,,
i3,0.5714285714285714,0.21663780663780674,0.42174603174603165,0.36161616161616156,,,,,,,
j3,0.42857142857142855,0.23594053005817708,0.4096638655462185,0.3543956043956044,,,,,,,
k3,0.5,0.43195643642072207,0.20089285714285715,0.3671507064364208,,,,,,,
l3,0.5,0.27370323129251695,0.3535289115646258,0.3727678571428572,,,,,,,
m3,0.5714285714285714,0.2908163265306122,0.23246991104133966,0.4767137624280481,,,,,,,
n3,0.42857142857142855,0.15460729746444024,0.3029819882498454,0.5424107142857143,,,,,,,
o3,0.5714285714285714,0.2593729799612152,0.20791855203619913,0.5327084680025856,,,,,,,
p3,0.5714285714285714,0.315853020637423,0.3068161653801792,0.37733081398239776,,,,,,,
q3,0.6428571428571429,0.32929292929292936,0.42797202797202805,0.24273504273504268,,,,,,,
r3,0.6428571428571429,0.541801948051948,0.1724837662337663,0.28571428571428564,,,,,,,
s3,0.42857142857142855,0.21463830287359698,0.33416583416583406,0.4511958629605689,,,,,,,
t3,0.5714285714285714,0.1904761904761905,0.5118437118437118,0.2976800976800977,,,,,,,
u3,0.42857142857142855,0.4901587301587302,0.15555555555555556,0.35428571428571426,,,,,,,
v3,0.42857142857142855,0.22432748538011704,0.5283295194508009,0.2473429951690821,,,,,,,
w3,0.6428571428571429,0.30423280423280424,0.44444444444444436,0.2513227513227513,,,,,,,
x3,0.5714285714285714,0.2232142857142857,0.4641617063492065,0.3126240079365078,,,,,,,
y3,0.2857142857142857,0.4138032106782106,0.18973214285714288,0.3964646464646466,,,,,,,
z3,0.7142857142857143,0.34367788187325055,0.30144516117366793,0.35487695695308163,,,,,,,
a4,0.5,0.4023917259211377,0.0,0.46043775229295597,0.13717052178590639,,,,,,
b4,0.42857142857142855,0.05429864253393668,0.0620555914673562,0.34404718772449744,0.5395985782742097,,,,,,
c4,0.7142857142857143,0.23489632539406294,0.04524886877828055,0.17129928894634777,0.5485555168813088,,,,,,
d4,0.5714285714285714,0.2857142857142858,0.10666666666666667,0.44690476190476197,0.16071428571428567,,,,,,
e4,0.6428571428571429,0.19475355054302435,0.36842105263157887,0.20825396825396822,0.22857142857142856,,,,,,
f4,0.35714285714285715,0.14988687782805427,0.21621760592348838,0.20118343195266283,0.4327120842957945,,,,,,
g4,0.5714285714285714,0.5431818181818182,0.13333333333333333,0.08888888888888888,0.23459595959595958,,,,,,
h4,0.42857142857142855,0.08571428571428569,0.27999999999999997,0.6342857142857145,0.0,,,,,,
i4,0.35714285714285715,0.23292369832548393,0.033482142857142856,0.4285346350078494,0.3050595238095238,,,,,,
j4,0.42857142857142855,0.3682321833291362,0.0956937799043062,0.3765844035927139,0.15948963317384374,,,,,,
k4,0.5,0.5271335807050093,0.10714285714285712,0.26428571428571423,0.10143784786641931,,,,,,
l4,0.2857142857142857,0.1589586883704531,0.4329061941518688,0.4081351174776781,0.0,,,,,,
m4,0.5,0.10714285714285711,0.2378289473684211,0.27321428571428574,0.38181390977443597,,,,,,
n4,0.42857142857142855,0.0942684766214178,0.2737556561085972,0.31747352915954125,0.31450233811044376,,,,,,
o4,0.5,0.39651416122004357,0.0,0.0,0.6034858387799564,,,,,,
p4,0.2857142857142857,0.26785714285714285,0.3553165584415585,0.0,0.37682629870129863,,,,,,
q4,0.35714285714285715,0.2566964285714285,0.05666208791208785,0.0,0.6866414835164836,,,,,,
r4,0.42857142857142855,0.05555555555555552,0.209013209013209,0.27083333333333337,0.4645979020979021,,,,,,
s4,0.5714285714285714,0.0,0.3703703703703703,0.19560185185185178,0.43402777777777785,,,,,,
t4,0.6428571428571429,0.4558061821219716,0.22523956951201526,0.17777777777777787,0.14117647058823526,,,,,,
u4,0.5,0.21874223602484488,0.3987577639751551,0.2825,0.1,,,,,,
v4,0.6428571428571429,0.48603896103896105,0.0,0.2793650793650794,0.2345959595959596,,,,,,
w4,0.5714285714285714,0.2552083333333333,0.0,0.20833333333333334,0.5364583333333333,,,,,,
x4,0.42857142857142855,0.06302521008403363,0.08578431372549014,0.08928571428571427,0.761904761904762,,,,,,
y4,0.42857142857142855,0.4735690601372905,0.1006191950464397,0.29168116950922385,0.1341305753070459,,,,,,
z4,0.42857142857142855,0.06787330316742081,0.22743219575798757,0.7046945010745918,0.0,,,,,,
a5,0.3076923076923077,0.11356578830627267,0.3623390184476156,0.19457013574660634,0.20886140742409048,0.12066365007541478,,,,,
b5,0.38461538461538464,0.3970551378446116,0.08928571428571427,0.31785714285714284,0.19580200501253123,0.0,,,,,
c5,0.3076923076923077,0.28034188034188035,0.2865359477124183,0.17777777777777776,0.11312217194570137,0.14222222222222222,,,,,
d5,0.46153846153846156,0.14759750053867693,0.22897364073834658,0.14529914529914542,0.11312217194570136,0.3650075414781297,,,,,
e5,0.46153846153846156,0.4059065934065934,0.10714285714285712,0.22477522477522477,0.16071428571428575,0.10146103896103896,,,,,
f5,0.46153846153846156,0.1720019111323458,0.21209649725274737,0.20561974789915968,0.21020962732919263,0.20007221638655462,,,,,
g5,0.38461538461538464,0.1296296296296296,0.1815253989167033,0.22575250836120395,0.2307692307692307,0.2323232323232324,,,,,
h5,0.38461538461538464,0.2080957382953181,0.1530032467532468,0.08928571428571427,0.4035114045618247,0.1461038961038961,,,,,
i5,0.6153846153846154,0.4236243386243386,0.05185185185185184,0.2613756613756614,0.1607142857142857,0.10243386243386246,,,,,
j5,0.6923076923076923,0.20457875457875466,0.10714285714285712,0.17500000000000002,0.3942307692307692,0.11904761904761904,,,,,
k5,0.5384615384615384,0.09653092006033177,0.15294117647058836,0.040723981900452455,0.5333333333333333,0.17647058823529407,,,,,
l5,0.6153846153846154,0.11837606837606844,0.2685714285714287,0.2395604395604395,0.25349206349206344,0.11999999999999998,,,,,
m5,0.38461538461538464,0.10342598577892698,0.20517129928894637,0.45384615384615384,0.13574660633484162,0.10180995475113122,,,,,
n5,0.46153846153846156,0.28444444444444444,0.0,0.2177777777777777,0.33777777777777784,0.16,,,,,
o5,0.38461538461538464,0.20571428571428563,0.0,0.4768253968253969,0.3174603174603175,0.0,,,,,
p5,0.46153846153846156,0.5298228557157127,0.0,0.2204670329670331,0.1811224489795918,0.06858766233766234,,,,,
q5,0.46153846153846156,0.04807692307692309,0.15624999999999997,0.27678571428571425,0.234277950310559,0.2846094123268036,,,,,
r5,0.5384615384615384,0.20861950549450556,0.10044642857142859,0.17857142857142858,0.28127020038784745,0.23109243697478993,,,,,
s5,0.7692307692307693,0.4193835678210679,0.0,0.18177308802308811,0.15219155844155838,0.24665178571428567,,,,,
t5,0.6153846153846154,0.32,0.0,0.28126984126984134,0.39873015873015877,0.0,,,,,
u5,0.38461538461538464,0.1163542340012929,0.17478991596638643,0.15294117647058839,0.2617970265029088,0.2941176470588235,,,,,
v5,0.38461538461538464,0.10529063696484509,0.0723981900452489,0.09049773755656107,0.6415643180349062,0.09024911739843873,,,,,
w5,0.5384615384615384,0.31152105812739284,0.39679777236338326,0.29168116950922385,0.0,0.0,,,,,
x5,0.6923076923076923,0.06222222222222224,0.0,0.38241758241758234,0.38096866096866105,0.1743915343915344,,,,,
y5,0.5384615384615384,0.2285714285714286,0.1585185185185185,0.0,0.435,0.17791005291005296,,,,,
z5,0.46153846153846156,0.16289592760180988,0.08726567550096959,0.3640793595544728,0.26940480334145495,0.11635423400129284,,,,,
a6,0.6153846153846154,0.27040816326530603,0.0,0.0,0.5510204081632654,0.0,0.17857142857142855,,,,
b6,0.6923076923076923,0.0,0.3347199675324676,0.17857142857142858,0.21950705544455545,0.09523809523809518,0.1719634532134532,,,,
c6,0.38461538461538464,0.38194444444444453,0.0,0.2708333333333333,0.3472222222222223,0.0,0.0,,,,
d6,0.46153846153846156,0.322037037037037,0.05185185185185183,0.10158730158730157,0.22738095238095232,0.1913227513227513,0.1058201058201058,,,,
e6,0.6153846153846154,0.14932126696832573,0.12066365007541476,0.30231382493825926,0.20048729550991992,0.11635423400129284,0.11085972850678741,,,,
f6,0.46153846153846156,0.3596097529921059,0.18601190476190474,0.08928571428571427,0.15798017771701992,0.0,0.20711245024325511,,,,
g6,0.5384615384615384,0.0,0.037762237762237756,0.38095238095238104,0.22738095238095235,0.1553113553113554,0.19859307359307357,,,,
h6,0.5384615384615384,0.2819141642671054,0.0,0.16289592760181007,0.21719457013574653,0.22487316604963659,0.11312217194570134,,,,
i6,0.46153846153846156,0.023076923076923026,0.09142857142857132,0.36333333333333334,0.10549450549450559,0.20000000000000007,0.21666666666666667,,,,
j6,0.5384615384615384,0.30767676767676766,0.12121212121212126,0.1066666666666667,0.3400000000000001,0.0,0.12444444444444443,,,,
k6,0.6153846153846154,0.19595025510204073,0.06696428571428571,0.3306122448979592,0.12053571428571434,0.1171875,0.16874999999999998,,,,
l6,0.38461538461538464,0.27536907536907534,0.0,0.0,0.20454545454545456,0.13675213675213674,0.38333333333333336,,,,
m6,0.6923076923076923,0.2485119047619047,0.1430533751962323,0.28296703296703307,0.06696428571428571,0.1437074829931973,0.11479591836734696,,,,
n6,0.5384615384615384,0.14219576719576724,0.0,0.4853988603988604,0.0,0.08346688034188034,0.28893849206349215,,,,
o6,0.46153846153846156,0.08609693877551026,0.0,0.0,0.40569196428571425,0.20089285714285712,0.30731823979591827,,,,
p6,0.6153846153846154,0.09049773755656107,0.05938914027149322,0.11229039126962999,0.5432525951557095,0.06787330316742081,0.1266968325791855,,,,
q6,0.5384615384615384,0.06696428571428573,0.2853954081632654,0.0,0.5437598116169545,0.0,0.10388049450549451,,,,
r6,0.46153846153846156,0.19117647058823536,0.0,0.36182934712346476,0.16968325791855196,0.1551389786683904,0.12217194570135743,,,,
s6,0.46153846153846156,0.3323076923076923,0.21506072874493926,0.0,0.3233386496544392,0.0,0.12929292929292932,,,,
t6,0.46153846153846156,0.36649659863945583,0.0,0.1758241758241759,0.29696493982208255,0.0,0.1607142857142857,,,,
u6,0.38461538461538464,0.19547511312217197,0.06787330316742081,0.3354449472096531,0.04524886877828054,0.05090497737556561,0.3050527903469079,,,,
v6,0.46153846153846156,0.0,0.13950892857142855,0.09114583333333331,0.0,0.3460996240601504,0.42324561403508787,,,,
w6,0.5384615384615384,0.10146103896103896,0.12362637362637358,0.0,0.4937205651491367,0.12175324675324678,0.15943877551020408,,,,
x6,0.38461538461538464,0.0,0.13180827886710247,0.3968253968253968,0.12962962962962962,0.2676626206037971,0.07407407407407411,,,,
y6,0.5384615384615384,0.0,0.20769230769230776,0.0952380952380953,0.3550527903469079,0.19142857142857134,0.1505882352941178,,,,
z6,0.46153846153846156,0.31428571428571433,0.15,0.1,0.11666666666666667,0.0,0.31904761904761897,,,,
a7,0.5,0.14358974358974358,0.17230769230769233,0.11487179487179483,0.12564102564102564,0.0,0.0765811965811966,0.367008547008547,,,
b7,0.4166666666666667,0.0,0.12698412698412698,0.0,0.11428571428571425,0.0,0.24360902255639091,0.5151211361737679,,,
c7,0.5,0.0,0.3230769230769231,0.0,0.0,0.17230769230769233,0.10769230769230768,0.39692307692307693,,,
d7,0.6666666666666666,0.0998217468805704,0.0,0.0,0.23911845730027548,0.1140819964349376,0.13101604278074866,0.41596175660346785,,,
e7,0.5833333333333334,0.0,0.0,0.09722222222222222,0.10937500000000001,0.1519097222222222,0.1167306286549707,0.5247624269005848,,,
f7,0.6666666666666666,0.05844155844155846,0.126984126984127,0.10714285714285715,0.18873889268626104,0.0,0.07142857142857144,0.447263993316625,,,
g7,0.3333333333333333,0.16666666666666669,0.11904761904761905,0.10714285714285714,0.262987012987013,0.0,0.0,0.34415584415584416,,,
h7,0.4166666666666667,0.16556776556776556,0.15423173317910158,0.0,0.2865497076023393,0.0,0.29841269841269835,0.09523809523809523,,,
i7,0.6666666666666666,0.0972222222222222,0.125,0.0,0.17959183673469395,0.38055853920515564,0.07142857142857142,0.14619883040935683,,,
j7,0.6666666666666666,0.029761904761904767,0.0,0.21587301587301586,0.2591269841269841,0.2702380952380952,0.0,0.22500000000000003,,,
k7,0.5,0.16406250000000003,0.18928872053872056,0.0,0.23602600762527234,0.0,0.109375,0.3012477718360071,,,
l7,0.16666666666666666,0.34469696969696967,0.0,0.6553030303030303,0.0,0.0,0.0,0.0,,,
m7,0.4166666666666667,0.0,0.48095238095238096,0.0,0.11904761904761905,0.0,0.0,0.39999999999999997,,,
n7,0.5,0.0,0.0,0.0,0.0,0.0,0.13125000000000003,0.86875,,,
o7,0.4166666666666667,0.16447368421052622,0.513888888888889,0.0,0.0,0.07163742690058489,0.0,0.24999999999999997,,,
p7,0.5,0.0,0.0,0.0,0.32820512820512815,0.0,0.10769230769230768,0.5641025641025641,,,
q7,0.5,0.10059523809523807,0.13956043956043968,0.2727272727272728,0.214731540389435,0.07142857142857144,0.0,0.20095693779904317,,,
r7,0.25,0.10210826210826206,0.27782439782439783,0.031908831908831904,0.19123543123543127,0.12564102564102564,0.0,0.2712820512820513,,,
s7,0.3333333333333333,0.0,0.12698412698412698,0.0,0.2531328320802004,0.21428571428571427,0.11904761904761905,0.2865497076023393,,,
t7,0.25,0.2233618233618234,0.09572649572649572,0.0,0.27909349909349906,0.0,0.0,0.4018181818181818,,,
u7,0.3333333333333333,0.0,0.0,0.21938961988304084,0.109375,0.0,0.0,0.6712353801169592,,,
v7,0.5,0.15555555555555556,0.3698765432098766,0.0,0.16592592592592598,0.0,0.0,0.3086419753086419,,,
w7,0.5,0.22719298245614047,0.0,0.38669590643274854,0.0631944444444445,0.07291666666666669,0.0,0.24999999999999994,,,
x7,0.5833333333333334,0.13053613053613056,0.18275058275058273,0.3461538461538461,0.0,0.02393162393162394,0.0,0.31662781662781664,,,
y7,0.6666666666666666,0.057142857142857176,0.294047619047619,0.10158730158730155,0.27142857142857146,0.07142857142857142,0.14880952380952378,0.055555555555555546,,,
z7,0.5833333333333334,0.11965811965811966,0.28034188034188035,0.09572649572649572,0.21538461538461537,0.0,0.0,0.28888888888888886,,,
a8,0.36363636363636365,0.15726495726495726,0.29940828402366865,0.0,0.12581196581196577,0.0,0.0,0.4175147928994084,0.0,,
b8,0.5454545454545454,0.0,0.14935064935064934,0.0,0.15246212121212122,0.20909090909090913,0.0,0.4890963203463203,0.0,,
c8,0.5454545454545454,0.3049242424242425,0.3509048821548821,0.0,0.0,0.1752795815295815,0.0,0.16889129389129395,0.0,,
d8,0.5454545454545454,0.0,0.15246212121212122,0.14520202020202022,0.0,0.2541035353535353,0.18150252525252522,0.266729797979798,0.0,,
e8,0.18181818181818182,0.28978174603174606,0.4027529761904762,0.12777777777777777,0.17968750000000003,0.0,0.0,0.0,0.0,,
f8,0.45454545454545453,0.0,0.0,0.0,0.14935064935064943,0.0,0.41624579124579125,0.4344035594035594,0.0,,
g8,0.5454545454545454,0.0,0.0,0.23333333333333336,0.5127158555729981,0.0,0.0,0.10952380952380962,0.14442700156985885,,
h8,0.36363636363636365,0.0,0.11616161616161616,0.0,0.0,0.14520202020202022,0.19724025974025972,0.21384297520661164,0.3275531286894923,,
i8,0.36363636363636365,0.13068181818181818,0.0,0.0,0.0,0.45012626262626254,0.15246212121212122,0.26672979797979796,0.0,,
j8,0.6363636363636364,0.19354312354312359,0.0,0.05897435897435898,0.14191690662278897,0.0,0.0,0.36966817496229254,0.23589743589743592,,
k8,0.45454545454545453,0.0,0.18429487179487175,0.0,0.3071581196581196,0.0,0.14743589743589744,0.36111111111111116,0.0,,
l8,0.45454545454545453,0.15646258503401364,0.0,0.0,0.2754393424036281,0.0,0.0,0.5680980725623583,0.0,,
m8,0.7272727272727273,0.13068181818181818,0.22770316804407711,0.13068181818181818,0.2277892561983471,0.15246212121212122,0.0,0.13068181818181818,0.0,,
n8,0.45454545454545453,0.0,0.3042328042328042,0.18069584736251404,0.23112073112073112,0.0,0.28395061728395055,0.0,0.0,,
o8,0.45454545454545453,0.0,0.35465034965034964,0.0,0.0,0.0,0.3420529470529471,0.3032967032967033,0.0,,
p8,0.2727272727272727,0.15164835164835175,0.0,0.22115384615384617,0.42815934065934064,0.0,0.0,0.1326923076923077,0.06634615384615385,,
q8,0.6363636363636364,0.0,0.17424242424242425,0.0,0.0,0.0,0.3872053872053873,0.4385521885521885,0.0,,
r8,0.6363636363636364,0.0,0.0,0.33000459136822774,0.08485832349468704,0.23232323232323235,0.0,0.18392255892255888,0.16889129389129393,,
s8,0.45454545454545453,0.14624208450119394,0.15480769230769229,0.2984160351569258,0.1474358974358974,0.0,0.0,0.0,0.25309829059829053,,
t8,0.45454545454545453,0.13068181818181818,0.0,0.0,0.15246212121212122,0.0,0.4501262626262626,0.266729797979798,0.0,,
u8,0.2727272727272727,0.2274725274725274,0.0,0.0,0.0,0.0,0.15164835164835166,0.3175824175824175,0.30329670329670333,,
v8,0.5454545454545454,0.1783273915626857,0.0,0.15681818181818186,0.2707346574993633,0.0,0.24891774891774893,0.0,0.14520202020202022,,
w8,0.6363636363636364,0.0,0.27104377104377103,0.1493506493506494,0.0,0.24960918710918714,0.1327561327561328,0.19724025974025963,0.0,,
x8,0.18181818181818182,0.0,0.0707692307692308,0.0,0.0,0.43817148161039543,0.08846153846153845,0.27149321266968335,0.1311045364891519,,
y8,0.5454545454545454,0.0,0.0,0.3235930735930736,0.2989453357100416,0.0,0.08712121212121213,0.17832739156268562,0.112012987012987,,
z8,0.6363636363636364,0.13068181818181818,0.0,0.0,0.0,0.09956709956709961,0.14520202020202022,0.6245490620490619,0.0,,
a9,0.5,0.1415686274509805,0.27412698412698416,0.14666666666666664,0.28485994397759096,0.1527777777777778,0.0,0.0,0.0,0.0,
b9,0.6,0.0,0.0,0.10476190476190463,0.0,0.0,0.29411764705882354,0.11688311688311699,0.0,0.48423733129615487,
c9,0.5,0.13831845238095233,0.34047619047619054,0.0,0.0,0.0,0.0,0.5212053571428572,0.0,0.0,
d9,0.5,0.0,0.16500000000000004,0.0,0.2213095238095237,0.0,0.13749999999999998,0.35396825396825404,0.12222222222222219,0.0,
e9,0.2,0.0,0.0,0.029166666666666678,0.13749999999999998,0.0,0.13888888888888887,0.0,0.6944444444444444,0.0,
f9,0.8,0.18333333333333335,0.0,0.0,0.1833333333333333,0.14666666666666664,0.0977777777777778,0.2666666666666668,0.0,0.12222222222222222,
g9,0.5,0.0,0.0,0.0,0.20705882352941188,0.0,0.3142857142857142,0.4786554621848738,0.0,0.0,
h9,0.6,0.36666666666666664,0.0,0.0,0.0,0.2933333333333333,0.15714285714285717,0.1828571428571429,0.0,0.0,
i9,0.3,0.0,0.0,0.0,0.45505952380952386,0.0,0.0,0.5449404761904761,0.0,0.0,
j9,0.3,0.3299145299145299,0.16296296296296295,0.1777777777777778,0.0,0.0,0.0,0.3293447293447294,0.0,0.0,
k9,0.4,0.2619047619047619,0.0,0.0,0.0,0.0,0.0,0.0,0.5210813492063492,0.21701388888888892,
l9,0.3,0.0,0.1504273504273504,0.0,0.0,0.07834757834757837,0.09401709401709402,0.0,0.05596255596255601,0.6212454212454213,
m9,0.6,0.188034188034188,0.0,0.0,0.0,0.15714285714285717,0.0,0.4273015873015873,0.22752136752136748,0.0,
n9,0.2,0.25593542260208924,0.29772079772079774,0.0,0.3209876543209877,0.0,0.0,0.0,0.12535612535612534,0.0,
o9,0.3,0.1735700197238658,0.1566951566951567,0.1487743026204566,0.0,0.0,0.0,0.2792022792022792,0.0,0.2417582417582417,
p9,0.3,0.23809523809523814,0.34677443768352867,0.0,0.0,0.0,0.0,0.0,0.27738927738927727,0.13774104683195593,
q9,0.1,0.13095238095238096,0.0,0.3237833594976452,0.3956043956043957,0.0,0.0,0.0,0.0,0.14965986394557826,
r9,0.6,0.407070707070707,0.12929292929292927,0.0,0.0,0.0,0.0,0.3000000000000001,0.16363636363636372,0.0,
s9,0.2,0.141025641025641,0.14666666666666664,0.16296296296296295,0.22000000000000003,0.0,0.0,0.3293447293447294,0.0,0.0,
t9,0.6,0.0,0.0,0.13852813852813853,0.0,0.0,0.3312267055582563,0.5302451559136052,0.0,0.0,
u9,0.5,0.0,0.15151515151515152,0.0,0.0,0.33939393939393936,0.0,0.16666666666666666,0.24545454545454548,0.09696969696969698,
v9,0.6,0.12121212121212122,0.12121212121212122,0.0,0.16161616161616163,0.20202020202020202,0.0,0.23809523809523808,0.0,0.1558441558441559,
w9,0.6,0.2933333333333333,0.0,0.15714285714285717,0.22000000000000003,0.0,0.0,0.1828571428571429,0.0,0.14666666666666664,
x9,0.5,0.0,0.0,0.0,0.25029761904761916,0.0,0.0,0.0,0.2796560846560846,0.4700462962962962,
y9,0.4,0.32738095238095233,0.0,0.0,0.25029761904761916,0.10912698412698413,0.1527777777777778,0.0,0.16041666666666665,0.0,
z9,0.5,0.0,0.031339031339031355,0.09401709401709402,0.14102564102564102,0.11282051282051292,0.2792022792022792,0.0,0.21265771265771274,0.12893772893772876,
a10,0.4444444444444444,0.0,0.0,0.0,0.0,0.0,0.0,0.5376623376623376,0.27352647352647347,0.18881118881118886,0.0
b10,0.0,0.0,0.26433566433566436,0.11688311688311688,0.0,0.2863636363636364,0.08766233766233766,0.0,0.0,0.0,0.24475524475524474
c10,0.4444444444444444,0.0,0.0,0.0,0.0,0.22153846153846146,0.0,0.5246153846153847,0.0,0.2538461538461539,0.0
d10,0.6666666666666666,0.38461538461538464,0.0,0.0,0.0,0.0,0.0,0.17094017094017092,0.4444444444444444,0.0,0.0
e10,0.4444444444444444,0.33062500000000006,0.0,0.0,0.0,0.0,0.0,0.0,0.16875,0.16875,0.33187500000000003
f10,0.3333333333333333,0.20000000000000007,0.1636363636363636,0.0,0.2517482517482517,0.0,0.0,0.38461538461538464,0.0,0.0,0.0
g10,0.5555555555555556,0.0,0.0,0.17532467532467533,0.18881118881118888,0.0,0.187012987012987,0.2735264735264735,0.0,0.17532467532467533,0.0
h10,0.3333333333333333,0.0,0.0,0.0,0.0,0.0,0.0,0.2222222222222222,0.0,0.48148148148148145,0.2962962962962963
i10,0.1111111111111111,0.0,0.0,0.8031250000000001,0.0,0.0,0.0,0.0,0.0,0.196875,0.0
j10,0.6666666666666666,0.34259259259259256,0.2857142857142858,0.0,0.2235449735449735,0.0,0.0,0.14814814814814814,0.0,0.0,0.0
k10,0.4444444444444444,0.4000000000000001,0.0,0.39999999999999997,0.0,0.0875,0.0,0.0,0.11249999999999999,0.0,0.0
l10,0.4444444444444444,0.0,0.0,0.0,0.0,0.33749999999999997,0.0,0.0,0.49375,0.0,0.16874999999999998
m10,0.3333333333333333,0.4,0.0,0.0,0.6,0.0,0.0,0.0,0.0,0.0,0.0
n10,0.5555555555555556,0.17142857142857146,0.0,0.0,0.15,0.0,0.37087912087912084,0.3076923076923078,0.0,0.0,0.0
o10,0.4444444444444444,0.3513986013986013,0.0,0.0,0.3409090909090909,0.0,0.0,0.0,0.0,0.0,0.30769230769230776
p10,0.3333333333333333,0.0,0.05844155844155847,0.0,0.15584415584415584,0.0,0.0,0.4489795918367345,0.33673469387755117,0.0,0.0
q10,0.7777777777777778,0.19999999999999998,0.0,0.0,0.24999999999999994,0.0,0.3,0.2500000000000001,0.0,0.0,0.0
r10,0.4444444444444444,0.45000000000000007,0.0,0.39999999999999997,0.0,0.0,0.15,0.0,0.0,0.0,0.0
s10,0.2222222222222222,0.0,0.0,0.20000000000000007,0.0,0.4153846153846153,0.0,0.0,0.0,0.0,0.38461538461538464
t10,0.5555555555555556,0.2235449735449735,0.19444444444444445,0.0,0.0,0.0,0.2962962962962963,0.2857142857142858,0.0,0.0,0.0
u10,0.5555555555555556,0.3728571428571429,0.0,0.0,0.0,0.0,0.0,0.26999999999999996,0.35714285714285715,0.0,0.0
v10,0.4444444444444444,0.2003710575139148,0.0,0.0,0.0,0.0,0.0,0.35064935064935066,0.4489795918367346,0.0,0.0
w10,0.3333333333333333,0.0,0.0,0.0,0.4807692307692307,0.16874999999999998,0.0,0.35048076923076926,0.0,0.0,0.0
x10,0.4444444444444444,0.5090909090909091,0.15999999999999995,0.0875,0.0,0.0,0.1125,0.13090909090909097,0.0,0.0,0.0
y10,0.5555555555555556,0.15584415584415584,0.0,0.0,0.0,0.28335301062573787,0.0,0.4049586776859504,0.0,0.15584415584415584,0.0
z10,0.5555555555555556,0.5776923076923077,0.0,0.0,0.27043269230769224,0.0,0.0,0.151875,0.0,0.0,0.0
