,accuracy,0,1,2,3,4,5,6,7,8,9
a1,0.5714285714285714,1.0,,,,,,,,,
b1,0.35714285714285715,1.0,,,,,,,,,
c1,0.5,1.0,,,,,,,,,
d1,0.5714285714285714,1.0,,,,,,,,,
e1,0.35714285714285715,1.0,,,,,,,,,
f1,0.35714285714285715,1.0,,,,,,,,,
g1,0.5,1.0,,,,,,,,,
h1,0.5714285714285714,1.0,,,,,,,,,
i1,0.2857142857142857,1.0,,,,,,,,,
j1,0.35714285714285715,1.0,,,,,,,,,
k1,0.35714285714285715,1.0,,,,,,,,,
l1,0.42857142857142855,1.0,,,,,,,,,
m1,0.42857142857142855,1.0,,,,,,,,,
n1,0.5,1.0,,,,,,,,,
o1,0.5714285714285714,1.0,,,,,,,,,
p1,0.7142857142857143,1.0,,,,,,,,,
q1,0.5,1.0,,,,,,,,,
r1,0.42857142857142855,1.0,,,,,,,,,
s1,0.6428571428571429,1.0,,,,,,,,,
t1,0.42857142857142855,1.0,,,,,,,,,
u1,0.5,1.0,,,,,,,,,
v1,0.42857142857142855,1.0,,,,,,,,,
w1,0.5,1.0,,,,,,,,,
x1,0.5,1.0,,,,,,,,,
y1,0.42857142857142855,1.0,,,,,,,,,
z1,0.42857142857142855,1.0,,,,,,,,,
a2,0.2857142857142857,0.3976322751322751,0.6023677248677248,,,,,,,,
b2,0.42857142857142855,0.2868509615384615,0.7131490384615385,,,,,,,,
c2,0.35714285714285715,0.4633833678398896,0.5366166321601105,,,,,,,,
d2,0.35714285714285715,0.4455411255411255,0.5544588744588745,,,,,,,,
e2,0.5,0.448560606060606,0.5514393939393939,,,,,,,,
f2,0.5,0.5114565826330532,0.48854341736694673,,,,,,,,
g2,0.42857142857142855,0.6681813634544727,0.3318186365455273,,,,,,,,
h2,0.42857142857142855,0.4038461538461538,0.5961538461538463,,,,,,,,
i2,0.2857142857142857,0.585899131732465,0.41410086826753495,,,,,,,,
j2,0.42857142857142855,0.33554945054945046,0.6644505494505495,,,,,,,,
k2,0.35714285714285715,0.7583895096500137,0.24161049034998627,,,,,,,,
l2,0.5714285714285714,0.3840835349291232,0.6159164650708768,,,,,,,,
m2,0.21428571428571427,0.4131117724867725,0.5868882275132274,,,,,,,,
n2,0.5,0.14630391081871352,0.8536960891812865,,,,,,,,
o2,0.5,0.5451379517168992,0.45486204828310084,,,,,,,,
p2,0.21428571428571427,0.6060794346978559,0.3939205653021442,,,,,,,,
q2,0.42857142857142855,0.4647792022792021,0.5352207977207978,,,,,,,,
r2,0.5714285714285714,0.405952380952381,0.594047619047619,,,,,,,,
s2,0.5,0.6505477344293134,0.3494522655706867,,,,,,,,
t2,0.2857142857142857,0.5693051201671891,0.43069487983281085,,,,,,,,
u2,0.2857142857142857,0.5145604395604396,0.48543956043956044,,,,,,,,
v2,0.2857142857142857,0.35219444444444437,0.6478055555555556,,,,,,,,
w2,0.7142857142857143,0.37806507218271923,0.6219349278172808,,,,,,,,
x2,0.5,0.5013843772803238,0.49861562271967613,,,,,,,,
y2,0.35714285714285715,0.5479485912011863,0.45205140879881367,,,,,,,,
z2,0.5,0.5569877951180471,0.44301220488195286,,,,,,,,
a3,0.5,0.20565605004543625,0.339350414078675,0.4549935358758888,,,,,,,
b3,0.5,0.26373626373626374,0.4389140271493213,0.29734970911441494,,,,,,,
c3,0.42857142857142855,0.18099547511312214,0.5794369029663147,0.23956762192056322,,,,,,,
d3,0.6428571428571429,0.3013392857142857,0.4958545918367347,0.20280612244897958,,,,,,,
e3,0.5,0.26879699248120287,0.3262987012987013,0.4049043062200957,,,,,,,
f3,0.5,0.4829446571528019,0.1943644590703414,0.32269088377685673,,,,,,,
g3,0.42857142857142855,0.3079805996472664,0.21044634377967705,0.48157305657305655,,,,,,,
h3,0.42857142857142855,0.17582417582417584,0.3406593406593407,0.48351648351648346,,,,,,,
i3,0.5714285714285714,0.44448757763975155,0.3125,0.24301242236024845,,,,,,,
j3,0.35714285714285715,0.1491760834321389,0.2863842040312628,0.5644397125365983,,,,,,,
k3,0.2857142857142857,0.5535298035298035,0.3207261488511489,0.12574404761904756,,,,,,,
l3,0.7142857142857143,0.24213676948051957,0.298015873015873,0.45984735750360745,,,,,,,
m3,0.42857142857142855,0.6108193277310926,0.2463235294117647,0.1428571428571428,,,,,,,
n3,0.2857142857142857,0.17857142857142855,0.23384353741496602,0.5875850340136054,,,,,,,
o3,0.35714285714285715,0.28054298642533937,0.5067873303167421,0.21266968325791857,,,,,,,
p3,0.7857142857142857,0.3129699248120302,0.3293650793650793,0.3576649958228906,,,,,,,
q3,0.35714285714285715,0.2882813619704756,0.30102051262551655,0.4106981254040079,,,,,,,
r3,0.5,0.35013640873015867,0.06696428571428571,0.5828993055555557,,,,,,,
s3,0.2857142857142857,0.44267988445378154,0.2673647584033613,0.28995535714285714,,,,,,,
t3,0.42857142857142855,0.24899022108843533,0.11160714285714285,0.6394026360544218,,,,,,,
u3,0.35714285714285715,0.416289592760181,0.33160956690368454,0.25210084033613445,,,,,,,
v3,0.35714285714285715,0.4511961722488039,0.07972027972027972,0.46908354803091645,,,,,,,
w3,0.5,0.44056422046852667,0.15311004784688997,0.4063257316845834,,,,,,,
x3,0.42857142857142855,0.35247564935064934,0.24860853432282007,0.3989158163265306,,,,,,,
y3,0.35714285714285715,0.4,0.1572984749455338,0.4427015250544662,,,,,,,
z3,0.7142857142857143,0.21205357142857142,0.4063955389848246,0.3815508895866039,,,,,,,
a4,0.5,0.17660910518053377,0.22534013605442177,0.21433477237048668,0.38371598639455784,,,,,,
b4,0.2857142857142857,0.10859728506787328,0.4208144796380091,0.0,0.47058823529411764,,,,,,
c4,0.42857142857142855,0.053333333333333365,0.2222222222222222,0.48444444444444446,0.23999999999999996,,,,,,
d4,0.6428571428571429,0.4015873015873016,0.10830923462502422,0.24273504273504265,0.24736842105263152,,,,,,
e4,0.42857142857142855,0.35221445221445236,0.2653679653679654,0.2824175824175824,0.10000000000000002,,,,,,
f4,0.42857142857142855,0.07366071428571429,0.16071428571428573,0.22857142857142862,0.5370535714285714,,,,,,
g4,0.5,0.09481481481481477,0.10720538720538723,0.4104021582282451,0.38757763975155285,,,,,,
h4,0.5,0.22993827160493824,0.31867283950617287,0.3288398692810457,0.12254901960784323,,,,,,
i4,0.42857142857142855,0.27149321266968324,0.22705235940530055,0.09049773755656107,0.4109566903684552,,,,,,
j4,0.5714285714285714,0.37556561085972845,0.3438914027149321,0.0,0.2805429864253395,,,,,,
k4,0.5714285714285714,0.28645833333333337,0.11925465838509308,0.4693239795918368,0.12496302868973677,,,,,,
l4,0.5714285714285714,0.2545454545454546,0.3824501424501426,0.22051282051282045,0.1424915824915825,,,,,,
m4,0.5,0.15837104072398187,0.28874528972896074,0.2882004872955101,0.26468318225154724,,,,,,
n4,0.42857142857142855,0.11111111111111112,0.352156862745098,0.20000000000000007,0.33673202614379083,,,,,,
o4,0.42857142857142855,0.2484175084175084,0.26666666666666666,0.12121212121212123,0.3637037037037037,,,,,,
p4,0.35714285714285715,0.382771164021164,0.0,0.3923611111111111,0.2248677248677249,,,,,,
q4,0.35714285714285715,0.22954666816559402,0.09049773755656107,0.40361428852477443,0.2763413057530705,,,,,,
r4,0.35714285714285715,0.3333333333333333,0.0818181818181818,0.32000000000000006,0.26484848484848483,,,,,,
s4,0.42857142857142855,0.0,0.12121212121212124,0.29777777777777786,0.581010101010101,,,,,,
t4,0.2857142857142857,0.0,0.15397447868036093,0.10084033613445378,0.7451851851851853,,,,,,
u4,0.2857142857142857,0.1015873015873016,0.4984126984126983,0.20000000000000007,0.2,,,,,,
v4,0.35714285714285715,0.12675438596491223,0.28888888888888886,0.29027777777777786,0.29407894736842105,,,,,,
w4,0.5714285714285714,0.10342598577892698,0.24240465416936002,0.4148266594087029,0.23934270064301016,,,,,,
x4,0.35714285714285715,0.4618181818181818,0.09818181818181816,0.24000000000000005,0.2,,,,,,
y4,0.42857142857142855,0.2658431793770139,0.18855733082706774,0.46189413265306123,0.08370535714285714,,,,,,
z4,0.5714285714285714,0.3946025778732547,0.10937499999999997,0.11160714285714286,0.38441527926960245,,,,,,
a5,0.6153846153846154,0.28807390526140514,0.16323260073260076,0.28743131868131877,0.13950892857142855,0.12175324675324677,,,,,
b5,0.6923076923076923,0.17789502164502166,0.2745535714285714,0.12698412698412703,0.22711489898989898,0.19345238095238088,,,,,
c5,0.23076923076923078,0.23533721180779993,0.09049773755656107,0.36496444731738864,0.0,0.3092006033182504,,,,,
d5,0.38461538461538464,0.3509667755991286,0.0925925925925926,0.037615740740740755,0.3113425925925926,0.20748229847494556,,,,,
e5,0.3076923076923077,0.08928571428571427,0.1502976190476191,0.2520755012531328,0.39896616541353386,0.10937499999999997,,,,,
f5,0.6923076923076923,0.27795733678086615,0.06787330316742081,0.08080155138978667,0.3374272786037493,0.2359405300581771,,,,,
g5,0.3076923076923077,0.06666666666666667,0.0,0.5744444444444444,0.1174603174603175,0.24142857142857138,,,,,
h5,0.6153846153846154,0.0,0.1888888888888889,0.4285714285714286,0.2758730158730158,0.10666666666666665,,,,,
i5,0.38461538461538464,0.17507002801120453,0.17146915584415584,0.08522727272727275,0.2903603749191984,0.2778731684981685,,,,,
j5,0.5384615384615384,0.21428571428571425,0.18775755494505494,0.0,0.40487637362637363,0.19308035714285726,,,,,
k5,0.5384615384615384,0.14285714285714288,0.19969093406593408,0.13461538461538464,0.19805975274725277,0.3247767857142857,,,,,
l5,0.46153846153846156,0.1316889632107023,0.3161108193277311,0.39036986031870946,0.16183035714285718,0.0,,,,,
m5,0.46153846153846156,0.0,0.1215277777777778,0.2115575396825397,0.4288194444444444,0.23809523809523814,,,,,
n5,0.46153846153846156,0.06981254040077575,0.0,0.09049773755656107,0.5846506434741728,0.2550390785684903,,,,,
o5,0.5384615384615384,0.25598370221739936,0.0,0.05743125652627909,0.31745869249196373,0.3691263487643578,,,,,
p5,0.46153846153846156,0.13392857142857142,0.45817669172932324,0.12053571428571433,0.287359022556391,0.0,,,,,
q5,0.5384615384615384,0.15225563909774448,0.11160714285714285,0.175,0.37087912087912084,0.19025809716599185,,,,,
r5,0.23076923076923078,0.23672438672438664,0.0,0.20454545454545456,0.11666666666666667,0.4420634920634921,,,,,
s5,0.46153846153846156,0.5510107628153941,0.1206636500754148,0.15271493212669682,0.10321246493724541,0.07239819004524889,,,,,
t5,0.46153846153846156,0.1712962962962963,0.30423280423280424,0.24907407407407411,0.18895891690009334,0.086437908496732,,,,,
u5,0.5384615384615384,0.2649954212454212,0.17582417582417592,0.23976023976023975,0.25245587745587744,0.06696428571428571,,,,,
v5,0.3076923076923077,0.40909090909090917,0.15624999999999997,0.1578733766233766,0.13392857142857142,0.1428571428571428,,,,,
w5,0.3076923076923077,0.03703703703703707,0.19560185185185183,0.5629960317460316,0.09259259259259257,0.11177248677248679,,,,,
x5,0.6923076923076923,0.2087198515769944,0.16071428571428573,0.4771634615384617,0.0,0.15340240117025827,,,,,
y5,0.38461538461538464,0.4203117144293615,0.3438914027149321,0.2357968828557065,0.0,0.0,,,,,
z5,0.46153846153846156,0.45272683972374367,0.0,0.22171945701357462,0.21243153131698023,0.11312217194570136,,,,,
a6,0.46153846153846156,0.1297839506172839,0.09837962962962965,0.2755291005291005,0.2430555555555556,0.0945216049382716,0.15873015873015875,,,,
b6,0.46153846153846156,0.24132730015082948,0.13574660633484162,0.0,0.2609351432880845,0.10283833813245577,0.2591526120937886,,,,
c6,0.5384615384615384,0.21524234693877553,0.20321666115839038,0.09131493506493504,0.3322458791208791,0.0,0.15798017771701994,,,,
d6,0.6923076923076923,0.0,0.3467038131041891,0.20604395604395603,0.12053571428571432,0.1964285714285714,0.13028794513756917,,,,
e6,0.3076923076923077,0.12175324675324678,0.0,0.20089285714285715,0.0,0.09131493506493504,0.586038961038961,,,,
f6,0.5384615384615384,0.12726244343891405,0.13574660633484165,0.16968325791855204,0.3717679379444086,0.03393665158371041,0.16160310277957338,,,,
g6,0.5384615384615384,0.3121380005036515,0.17133743449532926,0.2327409432672591,0.07177033492822966,0.14024295187730076,0.07177033492822966,,,,
h6,0.46153846153846156,0.2314814814814815,0.24154589371980678,0.2954911433172302,0.13888888888888887,0.0925925925925926,0.0,,,,
i6,0.5384615384615384,0.10180995475113122,0.0,0.1979638009049773,0.33484162895927616,0.0,0.36538461538461525,,,,
j6,0.6153846153846154,0.24398395721925126,0.0,0.0992445054945055,0.43578939442910025,0.0,0.2209821428571429,,,,
k6,0.3076923076923077,0.3244343891402717,0.06108597285067864,0.4425339366515837,0.13574660633484162,0.03619909502262447,0.0,,,,
l6,0.46153846153846156,0.08928571428571427,0.0,0.2113288497217068,0.38636363636363635,0.03125000000000004,0.28177179962894255,,,,
m6,0.5384615384615384,0.28246753246753253,0.12175324675324678,0.0,0.4764610389610389,0.0,0.11931818181818182,,,,
n6,0.46153846153846156,0.13432017543859642,0.12345679012345681,0.4155092592592592,0.12995451591942825,0.19675925925925924,0.0,,,,
o6,0.5384615384615384,0.2742857142857143,0.10666666666666665,0.10418470418470425,0.16071428571428564,0.2101010101010101,0.14404761904761898,,,,
p6,0.38461538461538464,0.2517482517482517,0.2577569489334195,0.06787330316742081,0.33988070752776633,0.08274078862314163,0.0,,,,
q6,0.38461538461538464,0.16564102564102565,0.2,0.05,0.3788034188034188,0.20555555555555555,0.0,,,,
r6,0.5384615384615384,0.22820512820512828,0.25,0.2538461538461538,0.10769230769230773,0.16025641025641021,0.0,,,,
s6,0.38461538461538464,0.3838594788821033,0.3455368161250514,0.14529914529914542,0.0,0.02349460494256869,0.10180995475113122,,,,
t6,0.5384615384615384,0.0,0.28116096866096874,0.0,0.44444444444444436,0.16666666666666669,0.10772792022792023,,,,
u6,0.38461538461538464,0.12669683257918554,0.31204316045945013,0.0,0.2761921336581969,0.0,0.2850678733031674,,,,
v6,0.3076923076923077,0.22564102564102562,0.0,0.12000000000000004,0.47435897435897434,0.0,0.17999999999999997,,,,
w6,0.3076923076923077,0.34718406593406587,0.0,0.13392857142857142,0.3006625727213962,0.0,0.21822478991596647,,,,
x6,0.3076923076923077,0.0,0.0,0.07348678107606682,0.0,0.40561224489795916,0.520900974025974,,,,
y6,0.5384615384615384,0.0,0.0,0.15384615384615377,0.2222222222222222,0.19595959595959597,0.427972027972028,,,,
z6,0.3076923076923077,0.24133234461780595,0.0,0.39902616565020665,0.15036547163244002,0.20927601809954752,0.0,,,,
a7,0.5,0.09572649572649572,0.057435897435897464,0.035897435897435916,0.3868945868945868,0.0,0.0,0.42404558404558407,,,
b7,0.5833333333333334,0.48769230769230765,0.07179487179487179,0.0,0.06153846153846157,0.0,0.10769230769230768,0.2712820512820513,,,
c7,0.5833333333333334,0.1292307692307693,0.0,0.0,0.24776269482151836,0.0,0.10573426573426573,0.5172722702134467,,,
d7,0.4166666666666667,0.0,0.16851851851851854,0.0,0.19259259259259262,0.0,0.2692307692307692,0.3696581196581197,,,
e7,0.6666666666666666,0.0,0.25361305361305364,0.0,0.0,0.0,0.31469612513090767,0.4316908212560387,,,
f7,0.5833333333333334,0.10714285714285714,0.06926406926406926,0.10884353741496598,0.09667024704618685,0.0,0.10714285714285714,0.5109364319890636,,,
g7,0.5833333333333334,0.0,0.23947368421052623,0.1216374269005849,0.0,0.0,0.24615384615384614,0.39273504273504267,,,
h7,0.5833333333333334,0.5181818181818183,0.0,0.0,0.0,0.1145912910618793,0.10519480519480517,0.2620320855614972,,,
i7,0.5,0.0374149659863946,0.0,0.11496598639455782,0.4658312447786131,0.09523809523809523,0.0,0.2865497076023392,,,
j7,0.3333333333333333,0.1333333333333334,0.11555555555555556,0.15025799793601646,0.19032679738562086,0.0,0.0,0.4105263157894738,,,
k7,0.6666666666666666,0.21536796536796537,0.11428571428571425,0.09523809523809523,0.0,0.0,0.11111111111111101,0.46399711399711413,,,
l7,0.4166666666666667,0.1994301994301994,0.21320901320901325,0.23636363636363633,0.11965811965811966,0.11168091168091165,0.0,0.11965811965811966,,,
m7,0.5,0.0,0.0,0.34210526315789475,0.4495614035087719,0.09722222222222222,0.0,0.1111111111111111,,,
n7,0.6666666666666666,0.0,0.11487179487179484,0.1076923076923077,0.0,0.0,0.20102564102564102,0.5764102564102564,,,
o7,0.5833333333333334,0.13368055555555555,0.0,0.10127314814814817,0.4704861111111111,0.0,0.1973379629629629,0.09722222222222221,,,
p7,0.5833333333333334,0.17142857142857143,0.0,0.14464285714285716,0.1285714285714286,0.15535714285714283,0.0,0.39999999999999997,,,
q7,0.6666666666666666,0.12698412698412698,0.24175824175824176,0.0,0.32967032967032966,0.0,0.10158730158730155,0.20000000000000004,,,
r7,0.75,0.0,0.12763532763532762,0.0,0.4112280701754385,0.1230769230769231,0.0,0.3380596791123108,,,
s7,0.5833333333333334,0.17142857142857143,0.12857142857142856,0.11904761904761905,0.13333333333333325,0.0,0.1142857142857143,0.3333333333333334,,,
t7,0.5833333333333334,0.4685523332139873,0.0,0.0,0.10714285714285715,0.0,0.0,0.4243048096431556,,,
u7,0.5,0.0,0.4489795918367347,0.12244897959183676,0.20357142857142854,0.0,0.0,0.22500000000000003,,,
v7,0.4166666666666667,0.0,0.0,0.25963718820861686,0.45381310418904397,0.0,0.0,0.2865497076023393,,,
w7,0.8333333333333334,0.13162393162393163,0.0,0.23333333333333334,0.2252991452991453,0.0,0.0,0.4097435897435897,,,
x7,0.5,0.0,0.3214814814814815,0.10769230769230768,0.1709124883213951,0.0,0.0,0.39991372250481566,,,
y7,0.75,0.1230769230769231,0.10769230769230768,0.057435897435897464,0.0,0.0,0.21637917637917636,0.49541569541569536,,,
z7,0.5,0.0,0.17500000000000004,0.0,0.3779513888888889,0.12152777777777773,0.0,0.32552083333333326,,,
a8,0.8181818181818182,0.3484848484848485,0.16535947712418306,0.0,0.0,0.3078282828282828,0.0,0.1783273915626857,0.0,,
b8,0.2727272727272727,0.0,0.0,0.1347985347985348,0.0,0.3369963369963369,0.0,0.41025641025641035,0.11794871794871793,,
c8,0.5454545454545454,0.0,0.0,0.0,0.16732804232804233,0.11734693877551017,0.2781557067271353,0.2880952380952382,0.14907407407407394,,
d8,0.5454545454545454,0.14520202020202022,0.1960227272727273,0.0,0.15488215488215487,0.1948838878985938,0.0,0.30900920974450385,0.0,,
e8,0.6363636363636364,0.11880165289256195,0.0,0.5643939393939393,0.15596524687433777,0.0,0.0,0.0,0.1608391608391609,,
f8,0.45454545454545453,0.17060439560439555,0.0,0.11258741258741259,0.0,0.1769230769230769,0.10856643356643354,0.15726495726495726,0.27405372405372413,,
g8,0.36363636363636365,0.4501262626262626,0.0,0.0,0.0,0.13068181818181818,0.15246212121212122,0.266729797979798,0.0,,
h8,0.45454545454545453,0.25099206349206354,0.0,0.3375946969696969,0.15972222222222224,0.0,0.0,0.2516910173160172,0.0,,
i8,0.5454545454545454,0.4423076923076923,0.14743589743589744,0.0,0.0,0.18212669683257923,0.0,0.2281297134238311,0.0,,
j8,0.45454545454545453,0.0,0.19981900452488702,0.0,0.0,0.0,0.38333333333333325,0.29552898082309853,0.12131868131868115,,
k8,0.5454545454545454,0.1521164021164021,0.0,0.12169312169312166,0.0,0.0,0.42157974300831424,0.14814814814814828,0.1564625850340136,,
l8,0.36363636363636365,0.0,0.13275613275613277,0.0,0.3360389610389611,0.16335227272727273,0.11616161616161615,0.25169101731601723,0.0,,
m8,0.45454545454545453,0.0,0.0,0.23589743589743586,0.0,0.14801407742584208,0.1572649572649573,0.45882352941176474,0.0,,
n8,0.2727272727272727,0.0,0.0,0.1636363636363636,0.0,0.11616161616161615,0.14520202020202022,0.14935064935064937,0.4256493506493506,,
o8,0.18181818181818182,0.21723730814639905,0.0,0.11616161616161615,0.17107438016528925,0.09292929292929293,0.19298245614035078,0.20961494645705178,0.0,,
p8,0.36363636363636365,0.1548076923076923,0.0,0.5488461538461539,0.0,0.0,0.0,0.1769230769230769,0.1194230769230769,,
q8,0.6363636363636364,0.0,0.29766414141414144,0.0,0.0,0.24781144781144787,0.13939393939393938,0.17832739156268562,0.1368030798177857,,
r8,0.45454545454545453,0.146031746031746,0.0,0.0,0.18253968253968253,0.0,0.17523809523809525,0.4961904761904762,0.0,,
s8,0.5454545454545454,0.0,0.1548076923076923,0.12380952380952383,0.0,0.0,0.0,0.5715976331360947,0.14978515074668922,,
t8,0.7272727272727273,0.29328402366863904,0.0,0.0,0.14743589743589744,0.0,0.0,0.21564102564102572,0.3436390532544378,,
u8,0.36363636363636365,0.12980599647266308,0.0,0.0,0.5600325600325601,0.04056437389770723,0.26959706959706964,0.0,0.0,,
v8,0.5454545454545454,0.13068181818181818,0.0,0.41210973370064274,0.155188246097337,0.11616161616161615,0.1858585858585859,0.0,0.0,,
w8,0.45454545454545453,0.0,0.0,0.0,0.30329670329670333,0.0,0.0,0.37556561085972845,0.32113768584356817,,
x8,0.5454545454545454,0.23589743589743586,0.0,0.0,0.0,0.0,0.05307692307692304,0.46402714932126693,0.24699849170437413,,
y8,0.36363636363636365,0.3076495726495726,0.0,0.19500000000000006,0.12581196581196574,0.11794871794871796,0.04128205128205133,0.21230769230769234,0.0,,
z8,0.45454545454545453,0.12390572390572385,0.0,0.11616161616161615,0.4062354312354312,0.0,0.35369722869722875,0.0,0.0,,
a9,0.3,0.10999999999999993,0.21777777777777793,0.0,0.0,0.0,0.0,0.17111111111111105,0.19555555555555557,0.3055555555555555,
b9,0.4,0.13888888888888887,0.0,0.12222222222222219,0.40111111111111114,0.04444444444444446,0.1303703703703703,0.0,0.16296296296296292,0.0,
c9,0.4,0.3232323232323232,0.0,0.0,0.22222222222222227,0.0,0.0,0.3030303030303031,0.0,0.15151515151515155,
d9,0.3,0.0,0.0,0.0,0.5804195804195804,0.0,0.0,0.32261072261072266,0.09696969696969697,0.0,
e9,0.6,0.1964285714285714,0.0,0.0,0.0,0.1222222222222222,0.0,0.5285714285714287,0.0,0.15277777777777773,
f9,0.3,0.0,0.0,0.0,0.1652892561983471,0.0,0.13774104683195593,0.0,0.4805194805194805,0.21645021645021645,
g9,0.6,0.29411764705882354,0.0,0.20779220779220778,0.3422459893048128,0.15584415584415587,0.0,0.0,0.0,0.0,
h9,0.7,0.09166666666666666,0.0,0.1222222222222222,0.1222222222222222,0.0,0.3190476190476192,0.16041666666666665,0.0,0.18442460317460313,
i9,0.4,0.22238930659983303,0.2875132275132275,0.13157894736842107,0.0,0.0,0.0,0.0,0.16296296296296298,0.1955555555555556,
j9,0.4,0.12222222222222219,0.16805555555555554,0.14972222222222212,0.0,0.0,0.0,0.3529411764705882,0.0,0.2070588235294119,
k9,0.7,0.17717019822282987,0.29090909090909084,0.15789473684210523,0.20779220779220783,0.0,0.16623376623376626,0.0,0.0,0.0,
l9,0.4,0.36263736263736257,0.0,0.0,0.0,0.0,0.0,0.19078144078144083,0.0,0.44658119658119655,
m9,0.4,0.17999999999999997,0.0,0.0,0.6000000000000001,0.0,0.0,0.0,0.21999999999999997,0.0,
n9,0.4,0.11752136752136755,0.0,0.2644230769230768,0.0,0.0763888888888889,0.0,0.45,0.0,0.09166666666666666,
o9,0.5,0.21999999999999997,0.0,0.1894736842105265,0.2605263157894736,0.09025641025641025,0.1222222222222222,0.11752136752136755,0.0,0.0,
p9,0.1,0.2917378917378917,0.0,0.41837606837606844,0.0,0.0,0.0,0.0,0.2898860398860399,0.0,
q9,0.4,0.0,0.0,0.1590909090909091,0.0,0.3982683982683983,0.0,0.3214285714285714,0.0,0.1212121212121212,
r9,0.6,0.0,0.1222222222222222,0.0,0.16041666666666665,0.18442460317460313,0.0,0.25029761904761916,0.1222222222222222,0.16041666666666665,
s9,0.7,0.27936507936507937,0.0,0.0,0.1222222222222222,0.1222222222222222,0.0,0.31250000000000006,0.1636904761904762,0.0,
t9,0.6,0.07129629629629629,0.0,0.2488095238095238,0.0,0.34425925925925915,0.1527777777777778,0.1828571428571429,0.0,0.0,
u9,0.4,0.13469387755102025,0.14965986394557826,0.0,0.0,0.0,0.0,0.4537414965986396,0.2619047619047619,0.0,
v9,0.4,0.2424242424242424,0.0,0.0,0.0,0.0,0.23809523809523814,0.15584415584415587,0.0,0.3636363636363636,
w9,0.5,0.0,0.0,0.0,0.0,0.0,0.0,0.8428571428571429,0.0,0.15714285714285714,
x9,0.3,0.1222222222222222,0.0,0.0,0.10888888888888897,0.14666666666666664,0.0,0.0,0.1470588235294118,0.4751633986928105,
y9,0.6,0.3522727272727273,0.0,0.0,0.13636363636363635,0.13636363636363635,0.0,0.375,0.0,0.0,
z9,0.3,0.06111111111111113,0.0,0.0,0.12222222222222219,0.0,0.34047619047619043,0.31250000000000006,0.0,0.16369047619047616,
a10,0.5555555555555556,0.2500000000000001,0.13392857142857142,0.18750000000000003,0.4285714285714285,0.0,0.0,0.0,0.0,0.0,0.0
b10,0.2222222222222222,0.18701298701298696,0.0,0.0,0.0,0.0,0.0,0.16623376623376618,0.0,0.6467532467532469,0.0
c10,0.4444444444444444,0.0,0.0,0.0,0.0,0.21251475796930344,0.0,0.18701298701298696,0.27352647352647347,0.3269457814912361,0.0
d10,0.6666666666666666,0.35714285714285715,0.0,0.0,0.34285714285714286,0.0,0.0,0.15,0.0,0.0,0.15
e10,0.3333333333333333,0.2169642857142857,0.16874999999999998,0.35714285714285715,0.2571428571428572,0.0,0.0,0.0,0.0,0.0,0.0
f10,0.4444444444444444,0.19999999999999996,0.30250000000000005,0.0,0.0,0.0,0.0,0.22499999999999995,0.15999999999999992,0.0,0.11249999999999998
g10,0.3333333333333333,0.30769230769230776,0.0,0.0,0.3154326923076923,0.0,0.196875,0.0,0.0,0.17999999999999994,0.0
h10,0.5555555555555556,0.5071428571428571,0.15,0.0,0.3428571428571429,0.0,0.0,0.0,0.0,0.0,0.0
i10,0.6666666666666666,0.5043956043956044,0.0,0.0,0.0,0.0,0.0,0.3142857142857143,0.18131868131868129,0.0,0.0
j10,0.4444444444444444,0.20000000000000007,0.5142857142857141,0.0,0.2857142857142858,0.0,0.0,0.0,0.0,0.0,0.0
k10,0.5555555555555556,0.5913419913419913,0.0,0.19047619047619052,0.21818181818181814,0.0,0.0,0.0,0.0,0.0,0.0
l10,0.4444444444444444,0.5090909090909091,0.0,0.0,0.0,0.0,0.0,0.32215909090909084,0.0,0.16875,0.0
m10,0.3333333333333333,0.0,0.0,0.0,0.15,0.3708791208791208,0.0,0.30769230769230776,0.17142857142857143,0.0,0.0
n10,0.6666666666666666,0.3142857142857143,0.0,0.0,0.21818181818181814,0.0,0.0,0.28051948051948056,0.18701298701298696,0.0,0.0
o10,0.5555555555555556,0.5741071428571428,0.0,0.0,0.2571428571428572,0.0,0.0,0.16874999999999998,0.0,0.0,0.0
p10,0.4444444444444444,0.43116883116883115,0.0,0.21818181818181823,0.0,0.0,0.15584415584415584,0.0,0.19480519480519468,0.0,0.0
q10,0.6666666666666666,0.2857142857142858,0.5476190476190476,0.0,0.0,0.0,0.16666666666666666,0.0,0.0,0.0,0.0
r10,0.5555555555555556,0.16666666666666669,0.0,0.0,0.0,0.16666666666666669,0.0,0.0,0.5000000000000001,0.16666666666666669,0.0
s10,0.7777777777777778,0.5523809523809524,0.0,0.0,0.29761904761904756,0.0,0.0,0.15000000000000002,0.0,0.0,0.0
t10,0.5555555555555556,0.0,0.3846153846153847,0.0,0.0,0.0,0.43760683760683766,0.0,0.0,0.17777777777777776,0.0
u10,0.8888888888888888,0.19285714285714287,0.22857142857142862,0.0,0.257142857142857,0.18749999999999997,0.0,0.0,0.0,0.1339285714285714,0.0
v10,0.4444444444444444,0.4000000000000002,0.17142857142857132,0.24107142857142858,0.0,0.0,0.0,0.0,0.0,0.1875,0.0
w10,0.4444444444444444,0.15,0.17142857142857146,0.0,0.0,0.37087912087912084,0.0,0.3076923076923078,0.0,0.0,0.0
x10,0.2222222222222222,0.15123456790123452,0.30864197530864207,0.0,0.19444444444444445,0.0,0.0,0.0,0.345679012345679,0.0,0.0
y10,0.2222222222222222,0.6363636363636364,0.3636363636363637,0.0,0.0,0.0,0.0,0.0,0.0,0.0,0.0
z10,0.3333333333333333,0.35064935064935066,0.18701298701298696,0.0,0.0,0.0,0.0,0.0,0.27352647352647347,0.0,0.18881118881118886
